1453134273901473796
1453144114774614021
1453144991879081988
1453146146835161094
1453151127386693639
1453267142414147588
1453274939117776905
1453280123151597582
1453282555755696137
1453282504723599375
1453289282987307027
1453291266909908997
1453292249635299332
1453292242727280659
1453296842783997965
1453292242727280659
1453307149153705998
1453302006538461188
1453351125177012232
1453377720805691397
1453506347350302724
1453507696255188997
1453508034211295243
1453508296753696780
1453508342123536391
1453509141801095177
